10,34
10,241
10,32
10,119
10,126
10,107
10,273
11,28
11,30
9,5
9,1
9,7
9,2
9,3
8,9
8,15
8,14
8,10
8,12
8,8
8,2
8,3
50,5
50,4
50,3
50,2
50,1
50,0
48,5
48,4
48,3
48,2
48,1
48,0
47,4
47,3
47,2
47,1
47,0
46,4
46,3
46,2
46,1
46,0
45,4
45,3
45,2
45,1
45,0
20,3
20,2
20,1
19,3
19,2
19,1
17,3
17,2
17,1
16,3
16,2
16,1
15,3
15,2
15,1
12,3
12,2
12,1
11,29
11,27
11,25
11,24
11,23
11,22
11,21
11,20
11,18
18,1
11,17
11,16
18,3
11,15
11,13
11,12
11,11
11,8
11,7
11,5
14,1
11,4
11,3
14,3
11,2
13,1
11,1
10,315
13,3
10,299
10,280
10,276
10,269
10,205
10,199
10,193
10,180
10,160
10,154
10,151
10,138
10,128
